 363
 691
 122
 138
 175
 145
 680
 552
 623
 263
 372
 316
 851
 945
 384
 570
 325
 120
 752
 995
 992
 410
 843
 651
 161
  32
 470
   8
  76
 125
 439
 767
 247
 577
 942
 391
 256
 493
  13
 518
 865
 329
 368
 809
 712
 937
 134
 832
 689
 128
 824
  99
 971
 474
 260
   2
 943
 267
  78
  19
 392
 517
 786
 639
  93
 727
  29
 348
 220
  42
  85
 371
 233
 894
  83
 170
  28
 914
 859
 156
 737
 958
 126
 211
 217
 154
 484
 206
 173
 876
 722
 959
 514
 814
 686
 543
 905
 585
  26
 990
 278
 666
 452
 263
 480
 991
 900
 134
 298
 672
 107
 274
 121
 156
 718
 555
 419
 116
  71
 746
 358
 738
 249
 326
 721
 512
 697
 522
   2
 637
 411
 668
  88
 674
 147
  79
 573
 280
 377
 245
 386
 650
 365
 542
 367
 919
 961
 482
 989
 707
 840
 726
 955
 166
 447
 466
 863
 969
 599
 865
 605
  10
 532
 693
 683
 678
 771
 255
 958
 148
 499
 344
 797
 885
 164
 782
 846
 646
 770
 552
 485
 496
 506
 651
 942
 972
 513
 910
 571
 515
 580
 908
 207
 262
 586
 978
 516
 543
 125
  15
