2
2
8
10
13
15
19
26
28
29
32
42
71
76
78
79
83
85
88
93
99
107
116
120
121
122
125
125
126
128
134
134
138
145
147
148
154
156
156
161
164
166
170
173
175
206
207
211
217
220
233
245
247
249
255
256
260
262
263
263
267
274
278
280
298
316
325
326
329
344
348
358
363
365
367
368
371
372
377
384
386
391
392
410
411
419
439
447
452
466
470
474
480
482
484
485
493
496
499
506
512
513
514
515
516
517
518
522
532
542
543
543
552
552
555
570
571
573
577
580
585
586
599
605
623
637
639
646
650
651
651
666
668
672
674
678
680
683
686
689
691
693
697
707
712
718
721
722
726
727
737
738
746
752
767
770
771
782
786
797
809
814
824
832
840
843
846
851
859
863
865
865
876
885
894
900
905
908
910
914
919
937
942
942
943
945
955
958
958
959
961
969
971
972
978
989
990
991
992
995
